1 818.617919921875 143.5613
2 852.8166351318359 144.66777
3 806.8268737792969 143.88945
4 726.528205871582 144.09239
5 828.6472015380859 144.19592
6 777.3426818847656 144.12166
7 748.6870574951172 144.78055
8 790.6916656494141 144.72275
9 776.9912261962891 144.76701
10 801.6583404541016 145.3075
11 725.6117782592773 144.6949
12 773.03271484375 144.53406
13 746.5756225585938 145.2984
14 742.7682189941406 145.05234
15 759.33203125 144.8234
16 725.5753860473633 144.92285
17 734.9411163330078 145.46924
18 733.001823425293 145.7533
19 719.4124145507812 145.67326
20 698.7238845825195 145.74599
